18.75 16 12.86 0.0 421000
13.75 16 11.13 0.06 153947
15.625 3 9.1 0.0 184000
15.0 2 9.75 0.03 38533
14.5 4 5.31 0.0 70000
15.5 1 5.75 0.0 27000
16.0 2 11.37 0.27 60000
14.5 3 10.67 0.0 43404
11.5 15 8.2 0.0 30005
14.75 20 11.22 0.0 128268
14.0 16 10.6 0.04 106350
17.75 18 12.11 0.0 281552
16.25 1 5.5 0.21 180000
14.25 1 6.13 0.0 60000
15.5 14 12.1 0.05 276425
17.0 12 14.62 0.08 291264
14.5 3 9.04 0.04 42500
10.5 16 3.0 0.0 39998
15.25 13 10.55 0.1 135512
13.0 16 8.43 0.04 96000
16.5 3 11.62 0.0 168000
17.0 1 12.01 0.0 299000
14.0 18 11.58 0.03 230675
15.0 17 11.3 0.0 288847
14.5 3 9.45 0.03 85335
19.25 0 7.33 0.22 240000
15.5 4 10.57 0.04 122183
18.0 16 12.97 0.08 296966
14.0 15 9.89 0.05 81243
15.25 11 11.27 0.03 434746
14.0 20 11.58 0.0 234493
14.0 3 5.25 0.16 31750
12.0 1 4.0 0.0 50000
16.5 1 4.99 0.73 210000
14.5 14 12.68 0.03 201930
16.5 3 12.08 0.0 130000
15.5 16 10.36 0.02 109912
15.0 4 10.7 0.05 57112
16.75 4 12.46 0.03 129614
14.5 3 10.38 0.0 110000
14.25 15 10.1 0.0 50724
16.75 2 11.38 0.0 209000
13.0 14 11.62 0.0 45959
17.5 1 6.2 0.0 215000
14.625 12 10.33 0.12 366013
13.5 1 5.02 0.14 123000
15.0 15 11.97 0.14 254700
17.0 1 5.99 0.57 220000
16.5 1 6.62 0.6 248172
13.5 18 8.6 0.08 59443
16.0 1 7.06 0.14 105000
16.5 13 12.99 0.04 359665
15.0 3 10.52 0.05 40500
15.625 3 12.05 0.03 184718
13.75 2 7.95 0.0 90000
15.0 15 10.77 0.05 101206
16.75 4 12.75 0.0 129614
15.5 15 8.32 0.0 73521
15.25 2 10.04 0.06 33000
15.0 3 9.47 0.0 40500
14.0 11 8.97 0.07 60000
13.75 1 4.82 0.0 32000
17.225 2 12.01 0.03 265500
15.0 16 10.73 0.09 276099
14.0 2 7.96 0.22 97321
